1.000000 0.000013 
0.991024 0.001932 
0.982049 0.003827 
0.973075 0.005697 
0.964104 0.007542 
0.955135 0.009363 
0.946170 0.011161 
0.937209 0.012936 
0.928254 0.014688 
0.919304 0.016417 
0.910361 0.018125 
0.901425 0.019811 
0.892496 0.021475 
0.883577 0.023119 
0.874667 0.024741 
0.865767 0.026344 
0.856878 0.027926 
0.848000 0.029488 
0.839134 0.031030 
0.830282 0.032553 
0.821443 0.034056 
0.812619 0.035540 
0.803809 0.037005 
0.795016 0.038451 
0.786239 0.039879 
0.777479 0.041288 
0.768737 0.042678 
0.760014 0.044049 
0.751310 0.045402 
0.742626 0.046737 
0.733963 0.048053 
0.725321 0.049351 
0.716702 0.050631 
0.708105 0.051892 
0.699532 0.053135 
0.690983 0.054359 
0.682459 0.055564 
0.673960 0.056751 
0.665488 0.057919 
0.657043 0.059068 
0.648625 0.060198 
0.640236 0.061309 
0.631875 0.062401 
0.623545 0.063474 
0.615244 0.064527 
0.606975 0.065560 
0.598737 0.066573 
0.590532 0.067566 
0.582359 0.068539 
0.574221 0.069491 
0.566116 0.070423 
0.558047 0.071334 
0.550013 0.072223 
0.542015 0.073091 
0.534055 0.073938 
0.526131 0.074762 
0.518246 0.075565 
0.510400 0.076345 
0.502593 0.077103 
0.494827 0.077838 
0.487101 0.078550 
0.479416 0.079238 
0.471773 0.079903 
0.464173 0.080545 
0.456616 0.081162 
0.449103 0.081755 
0.441634 0.082323 
0.434210 0.082867 
0.426832 0.083385 
0.419500 0.083879 
0.412215 0.084347 
0.404977 0.084789 
0.397787 0.085206 
0.390645 0.085596 
0.383553 0.085961 
0.376510 0.086298 
0.369518 0.086610 
0.362576 0.086894 
0.355686 0.087151 
0.348847 0.087382 
0.342061 0.087585 
0.335328 0.087760 
0.328649 0.087908 
0.322024 0.088029 
0.315453 0.088122 
0.308937 0.088187 
0.302477 0.088224 
0.296074 0.088233 
0.289727 0.088214 
0.283437 0.088167 
0.277205 0.088092 
0.271031 0.087988 
0.264916 0.087857 
0.258861 0.087697 
0.252864 0.087510 
0.246929 0.087294 
0.241053 0.087050 
0.235239 0.086778 
0.229487 0.086479 
0.223796 0.086151 
0.218169 0.085796 
0.212604 0.085413 
0.207102 0.085003 
0.201665 0.084565 
0.196291 0.084101 
0.190983 0.083609 
0.185740 0.083090 
0.180562 0.082545 
0.175450 0.081973 
0.170405 0.081375 
0.165427 0.080750 
0.160516 0.080100 
0.155672 0.079425 
0.150897 0.078724 
0.146189 0.077998 
0.141551 0.077248 
0.136982 0.076472 
0.132482 0.075673 
0.128053 0.074850 
0.123693 0.074003 
0.119404 0.073133 
0.115187 0.072240 
0.111040 0.071325 
0.106965 0.070387 
0.102962 0.069427 
0.099031 0.068446 
0.095173 0.067444 
0.091388 0.066420 
0.087676 0.065377 
0.084037 0.064313 
0.080472 0.063230 
0.076982 0.062127 
0.073565 0.061006 
0.070224 0.059866 
0.066957 0.058707 
0.063765 0.057531 
0.060649 0.056338 
0.057608 0.055127 
0.054644 0.053901 
0.051755 0.052657 
0.048943 0.051398 
0.046208 0.050124 
0.043550 0.048834 
0.040968 0.047530 
0.038464 0.046212 
0.036037 0.044879 
0.033688 0.043533 
0.031417 0.042174 
0.029224 0.040802 
0.027109 0.039417 
0.025072 0.038020 
0.023114 0.036611 
0.021235 0.035191 
0.019434 0.033759 
0.017713 0.032317 
0.016070 0.030863 
0.014507 0.029400 
0.013024 0.027926 
0.011620 0.026443 
0.010295 0.024950 
0.009050 0.023448 
0.007885 0.021937 
0.006800 0.020416 
0.005795 0.018888 
0.004870 0.017351 
0.004026 0.015805 
0.003261 0.014252 
0.002577 0.012690 
0.001973 0.011121 
0.001450 0.009544 
0.001007 0.007960 
0.000644 0.006368 
0.000363 0.004769 
0.000161 0.003163 
0.000040 0.001549 
0.000000 -0.000071 
0.000040 -0.001845 
0.000161 -0.003605 
0.000363 -0.005351 
0.000644 -0.007083 
0.001007 -0.008802 
0.001450 -0.010506 
0.001973 -0.012196 
0.002577 -0.013873 
0.003261 -0.015535 
0.004026 -0.017183 
0.004870 -0.018816 
0.005795 -0.020435 
0.006800 -0.022040 
0.007885 -0.023630 
0.009050 -0.025205 
0.010295 -0.026765 
0.011620 -0.028310 
0.013024 -0.029841 
0.014507 -0.031356 
0.016070 -0.032855 
0.017713 -0.034340 
0.019434 -0.035808 
0.021235 -0.037261 
0.023114 -0.038698 
0.025072 -0.040119 
0.027109 -0.041523 
0.029224 -0.042912 
0.031417 -0.044283 
0.033688 -0.045638 
0.036037 -0.046976 
0.038464 -0.048297 
0.040968 -0.049601 
0.043550 -0.050888 
0.046208 -0.052157 
0.048943 -0.053408 
0.051755 -0.054641 
0.054644 -0.055856 
0.057608 -0.057053 
0.060649 -0.058231 
0.063765 -0.059391 
0.066957 -0.060532 
0.070224 -0.061653 
0.073565 -0.062756 
0.076982 -0.063839 
0.080472 -0.064902 
0.084037 -0.065945 
0.087676 -0.066969 
0.091388 -0.067972 
0.095173 -0.068954 
0.099031 -0.069916 
0.102962 -0.070857 
0.106965 -0.071778 
0.111040 -0.072676 
0.115187 -0.073554 
0.119404 -0.074410 
0.123693 -0.075244 
0.128053 -0.076056 
0.132482 -0.076846 
0.136982 -0.077613 
0.141551 -0.078358 
0.146189 -0.079081 
0.150897 -0.079780 
0.155672 -0.080456 
0.160516 -0.081109 
0.165427 -0.081739 
0.170405 -0.082345 
0.175450 -0.082927 
0.180562 -0.083486 
0.185740 -0.084020 
0.190983 -0.084530 
0.196291 -0.085016 
0.201665 -0.085478 
0.207102 -0.085914 
0.212604 -0.086326 
0.218169 -0.086713 
0.223796 -0.087075 
0.229487 -0.087412 
0.235239 -0.087724 
0.241053 -0.088010 
0.246929 -0.088271 
0.252864 -0.088507 
0.258861 -0.088716 
0.264916 -0.088900 
0.271031 -0.089058 
0.277205 -0.089191 
0.283437 -0.089297 
0.289727 -0.089377 
0.296074 -0.089431 
0.302477 -0.089459 
0.308937 -0.089461 
0.315453 -0.089437 
0.322024 -0.089386 
0.328649 -0.089310 
0.335328 -0.089207 
0.342061 -0.089077 
0.348847 -0.088921 
0.355686 -0.088739 
0.362576 -0.088531 
0.369518 -0.088296 
0.376510 -0.088036 
0.383553 -0.087748 
0.390645 -0.087435 
0.397787 -0.087096 
0.404977 -0.086730 
0.412215 -0.086338 
0.419500 -0.085921 
0.426832 -0.085477 
0.434210 -0.085008 
0.441634 -0.084512 
0.449103 -0.083991 
0.456616 -0.083445 
0.464173 -0.082872 
0.471773 -0.082275 
0.479416 -0.081652 
0.487101 -0.081004 
0.494827 -0.080331 
0.502593 -0.079633 
0.510400 -0.078910 
0.518246 -0.078163 
0.526131 -0.077391 
0.534055 -0.076594 
0.542015 -0.075774 
0.550013 -0.074929 
0.558047 -0.074061 
0.566116 -0.073168 
0.574221 -0.072253 
0.582359 -0.071314 
0.590532 -0.070351 
0.598737 -0.069366 
0.606975 -0.068358 
0.615244 -0.067328 
0.623545 -0.066275 
0.631875 -0.065201 
0.640236 -0.064104 
0.648625 -0.062985 
0.657043 -0.061845 
0.665488 -0.060684 
0.673960 -0.059502 
0.682459 -0.058299 
0.690983 -0.057076 
0.699532 -0.055832 
0.708105 -0.054568 
0.716702 -0.053285 
0.725321 -0.051982 
0.733963 -0.050660 
0.742626 -0.049318 
0.751310 -0.047958 
0.760014 -0.046580 
0.768737 -0.045183 
0.777479 -0.043769 
0.786239 -0.042336 
0.795016 -0.040886 
0.803809 -0.039420 
0.812619 -0.037936 
0.821443 -0.036436 
0.830282 -0.034919 
0.839134 -0.033386 
0.848000 -0.031838 
0.856878 -0.030274 
0.865767 -0.028695 
0.874667 -0.027102 
0.883577 -0.025493 
0.892496 -0.023871 
0.901425 -0.022234 
0.910361 -0.020583 
0.919304 -0.018919 
0.928254 -0.017242 
0.937209 -0.015552 
0.946170 -0.013850 
0.955135 -0.012135 
0.964104 -0.010408 
0.973075 -0.008670 
0.982049 -0.006920 
0.991024 -0.005159 
1.000000 -0.003387 
