1.000000 0.000434 
0.991024 0.002055 
0.982049 0.003656 
0.973075 0.005236 
0.964104 0.006796 
0.955135 0.008337 
0.946170 0.009858 
0.937209 0.011361 
0.928254 0.012844 
0.919304 0.014310 
0.910361 0.015756 
0.901425 0.017185 
0.892496 0.018596 
0.883577 0.019989 
0.874667 0.021365 
0.865767 0.022724 
0.856878 0.024065 
0.848000 0.025390 
0.839134 0.026698 
0.830282 0.027989 
0.821443 0.029264 
0.812619 0.030522 
0.803809 0.031764 
0.795016 0.032990 
0.786239 0.034199 
0.777479 0.035393 
0.768737 0.036570 
0.760014 0.037732 
0.751310 0.038877 
0.742626 0.040007 
0.733963 0.041120 
0.725321 0.042218 
0.716702 0.043300 
0.708105 0.044365 
0.699532 0.045415 
0.690983 0.046448 
0.682459 0.047466 
0.673960 0.048467 
0.665488 0.049451 
0.657043 0.050420 
0.648625 0.051372 
0.640236 0.052307 
0.631875 0.053225 
0.623545 0.054127 
0.615244 0.055011 
0.606975 0.055879 
0.598737 0.056729 
0.590532 0.057562 
0.582359 0.058377 
0.574221 0.059175 
0.566116 0.059954 
0.558047 0.060716 
0.550013 0.061459 
0.542015 0.062184 
0.534055 0.062891 
0.526131 0.063578 
0.518246 0.064247 
0.510400 0.064897 
0.502593 0.065527 
0.494827 0.066138 
0.487101 0.066729 
0.479416 0.067300 
0.471773 0.067851 
0.464173 0.068382 
0.456616 0.068893 
0.449103 0.069383 
0.441634 0.069852 
0.434210 0.070301 
0.426832 0.070728 
0.419500 0.071134 
0.412215 0.071518 
0.404977 0.071881 
0.397787 0.072222 
0.390645 0.072541 
0.383553 0.072839 
0.376510 0.073114 
0.369518 0.073366 
0.362576 0.073596 
0.355686 0.073804 
0.348847 0.073989 
0.342061 0.074151 
0.335328 0.074291 
0.328649 0.074407 
0.322024 0.074500 
0.315453 0.074571 
0.308937 0.074618 
0.302477 0.074642 
0.296074 0.074642 
0.289727 0.074620 
0.283437 0.074573 
0.277205 0.074504 
0.271031 0.074411 
0.264916 0.074295 
0.258861 0.074156 
0.252864 0.073993 
0.246929 0.073807 
0.241053 0.073598 
0.235239 0.073365 
0.229487 0.073110 
0.223796 0.072831 
0.218169 0.072530 
0.212604 0.072205 
0.207102 0.071858 
0.201665 0.071488 
0.196291 0.071096 
0.190983 0.070681 
0.185740 0.070244 
0.180562 0.069785 
0.175450 0.069304 
0.170405 0.068801 
0.165427 0.068277 
0.160516 0.067731 
0.155672 0.067164 
0.150897 0.066575 
0.146189 0.065966 
0.141551 0.065337 
0.136982 0.064687 
0.132482 0.064017 
0.128053 0.063327 
0.123693 0.062617 
0.119404 0.061888 
0.115187 0.061140 
0.111040 0.060373 
0.106965 0.059587 
0.102962 0.058783 
0.099031 0.057961 
0.095173 0.057122 
0.091388 0.056264 
0.087676 0.055390 
0.084037 0.054498 
0.080472 0.053590 
0.076982 0.052666 
0.073565 0.051725 
0.070224 0.050769 
0.066957 0.049798 
0.063765 0.048811 
0.060649 0.047809 
0.057608 0.046793 
0.054644 0.045763 
0.051755 0.044719 
0.048943 0.043661 
0.046208 0.042590 
0.043550 0.041505 
0.040968 0.040408 
0.038464 0.039299 
0.036037 0.038177 
0.033688 0.037044 
0.031417 0.035899 
0.029224 0.034742 
0.027109 0.033574 
0.025072 0.032396 
0.023114 0.031207 
0.021235 0.030008 
0.019434 0.028798 
0.017713 0.027579 
0.016070 0.026350 
0.014507 0.025112 
0.013024 0.023865 
0.011620 0.022608 
0.010295 0.021343 
0.009050 0.020070 
0.007885 0.018787 
0.006800 0.017497 
0.005795 0.016199 
0.004870 0.014893 
0.004026 0.013579 
0.003261 0.012257 
0.002577 0.010928 
0.001973 0.009591 
0.001450 0.008248 
0.001007 0.006897 
0.000644 0.005539 
0.000363 0.004174 
0.000161 0.002802 
0.000040 0.001423 
0.000000 0.000037 
0.000040 -0.001308 
0.000161 -0.002648 
0.000363 -0.003982 
0.000644 -0.005311 
0.001007 -0.006635 
0.001450 -0.007953 
0.001973 -0.009266 
0.002577 -0.010573 
0.003261 -0.011874 
0.004026 -0.013169 
0.004870 -0.014459 
0.005795 -0.015741 
0.006800 -0.017018 
0.007885 -0.018288 
0.009050 -0.019551 
0.010295 -0.020807 
0.011620 -0.022056 
0.013024 -0.023297 
0.014507 -0.024531 
0.016070 -0.025757 
0.017713 -0.026975 
0.019434 -0.028184 
0.021235 -0.029385 
0.023114 -0.030576 
0.025072 -0.031759 
0.027109 -0.032932 
0.029224 -0.034095 
0.031417 -0.035247 
0.033688 -0.036390 
0.036037 -0.037521 
0.038464 -0.038641 
0.040968 -0.039750 
0.043550 -0.040847 
0.046208 -0.041932 
0.048943 -0.043005 
0.051755 -0.044064 
0.054644 -0.045111 
0.057608 -0.046144 
0.060649 -0.047163 
0.063765 -0.048168 
0.066957 -0.049158 
0.070224 -0.050133 
0.073565 -0.051093 
0.076982 -0.052038 
0.080472 -0.052966 
0.084037 -0.053878 
0.087676 -0.054773 
0.091388 -0.055652 
0.095173 -0.056513 
0.099031 -0.057356 
0.102962 -0.058181 
0.106965 -0.058988 
0.111040 -0.059777 
0.115187 -0.060546 
0.119404 -0.061296 
0.123693 -0.062027 
0.128053 -0.062737 
0.132482 -0.063428 
0.136982 -0.064098 
0.141551 -0.064747 
0.146189 -0.065375 
0.150897 -0.065982 
0.155672 -0.066568 
0.160516 -0.067132 
0.165427 -0.067674 
0.170405 -0.068194 
0.175450 -0.068692 
0.180562 -0.069167 
0.185740 -0.069620 
0.190983 -0.070050 
0.196291 -0.070456 
0.201665 -0.070840 
0.207102 -0.071200 
0.212604 -0.071537 
0.218169 -0.071850 
0.223796 -0.072140 
0.229487 -0.072406 
0.235239 -0.072649 
0.241053 -0.072868 
0.246929 -0.073062 
0.252864 -0.073233 
0.258861 -0.073380 
0.264916 -0.073503 
0.271031 -0.073603 
0.277205 -0.073678 
0.283437 -0.073730 
0.289727 -0.073757 
0.296074 -0.073761 
0.302477 -0.073742 
0.308937 -0.073698 
0.315453 -0.073632 
0.322024 -0.073541 
0.328649 -0.073428 
0.335328 -0.073291 
0.342061 -0.073131 
0.348847 -0.072949 
0.355686 -0.072743 
0.362576 -0.072515 
0.369518 -0.072265 
0.376510 -0.071992 
0.383553 -0.071698 
0.390645 -0.071381 
0.397787 -0.071043 
0.404977 -0.070683 
0.412215 -0.070302 
0.419500 -0.069900 
0.426832 -0.069477 
0.434210 -0.069033 
0.441634 -0.068569 
0.449103 -0.068085 
0.456616 -0.067582 
0.464173 -0.067058 
0.471773 -0.066515 
0.479416 -0.065953 
0.487101 -0.065372 
0.494827 -0.064772 
0.502593 -0.064154 
0.510400 -0.063518 
0.518246 -0.062864 
0.526131 -0.062192 
0.534055 -0.061503 
0.542015 -0.060797 
0.550013 -0.060073 
0.558047 -0.059333 
0.566116 -0.058576 
0.574221 -0.057803 
0.582359 -0.057014 
0.590532 -0.056209 
0.598737 -0.055389 
0.606975 -0.054552 
0.615244 -0.053701 
0.623545 -0.052834 
0.631875 -0.051953 
0.640236 -0.051056 
0.648625 -0.050145 
0.657043 -0.049219 
0.665488 -0.048279 
0.673960 -0.047324 
0.682459 -0.046355 
0.690983 -0.045372 
0.699532 -0.044375 
0.708105 -0.043364 
0.716702 -0.042339 
0.725321 -0.041300 
0.733963 -0.040246 
0.742626 -0.039179 
0.751310 -0.038098 
0.760014 -0.037003 
0.768737 -0.035893 
0.777479 -0.034770 
0.786239 -0.033632 
0.795016 -0.032480 
0.803809 -0.031313 
0.812619 -0.030132 
0.821443 -0.028936 
0.830282 -0.027725 
0.839134 -0.026499 
0.848000 -0.025257 
0.856878 -0.024000 
0.865767 -0.022728 
0.874667 -0.021439 
0.883577 -0.020133 
0.892496 -0.018811 
0.901425 -0.017473 
0.910361 -0.016116 
0.919304 -0.014743 
0.928254 -0.013351 
0.937209 -0.011941 
0.946170 -0.010512 
0.955135 -0.009064 
0.964104 -0.007596 
0.973075 -0.006109 
0.982049 -0.004600 
0.991024 -0.003071 
1.000000 -0.001521 
