-90 -0.08387 1.8083
-89 -0.11264 1.8082
-88 -0.14148 1.8072
-87 -0.17035 1.8055
-86 -0.19925 1.8029
-85 -0.22815 1.7995
-84 -0.25703 1.7954
-83 -0.28585 1.7904
-82 -0.3146 1.7846
-81 -0.34325 1.778
-80 -0.37178 1.7707
-79 -0.40015 1.7625
-78 -0.42834 1.7536
-77 -0.45633 1.7438
-76 -0.48407 1.7333
-75 -0.51155 1.722
-74 -0.53874 1.71
-73 -0.5656 1.6972
-72 -0.5921 1.6836
-71 -0.61821 1.6693
-70 -0.64389 1.6543
-69 -0.66912 1.6385
-68 -0.69386 1.6221
-67 -0.71808 1.6049
-66 -0.74173 1.587
-65 -0.76479 1.5684
-64 -0.78721 1.5491
-63 -0.80896 1.5291
-62 -0.83 1.5085
-61 -0.8503 1.4872
-60 -0.86981 1.4653
-59 -0.88849 1.4428
-58 -0.9063 1.4197
-57 -0.92321 1.3959
-56 -0.93917 1.3716
-55 -0.95413 1.3467
-54 -0.96805 1.3213
-53 -0.9809 1.2953
-52 -0.99262 1.2688
-51 -1.0032 1.2417
-50 -1.0125 1.2142
-49 -1.0206 1.1862
-48 -1.0273 1.1578
-47 -1.0327 1.1289
-46 -1.0367 1.0995
-45 -1.0393 1.0698
-44 -1.0403 1.0397
-43 -1.0398 1.0092
-42 -1.0377 0.97843
-41 -1.0339 0.94729
-40 -1.0284 0.91584
-39 -1.0211 0.88412
-38 -1.012 0.85213
-37 -1.0011 0.8199
-36 -0.98817 0.78746
-35 -0.9733 0.75482
-34 -0.95704 0.72186
-33 -0.94017 0.68839
-32 -0.92345 0.65423
-31 -0.90767 0.61921
-30 -0.89359 0.58314
-29 -0.88198 0.54584
-28 -0.87362 0.50715
-27 -0.86928 0.46687
-26 -0.86973 0.42483
-25 -0.87574 0.38086
-24 -0.88809 0.33476
-23 -0.90755 0.28637
-22 -0.93489 0.2355
-21 -0.97088 0.18197
-20 -1.0163 0.12561
-19 -1.0426 0.10741
-18 -1.0614 0.09115
-17 -1.0726 0.07675
-16 -1.0774 0.06403
-15 -1.0733 0.05328
-14 -1.0604 0.04448
-13 -1.0398 0.03745
-12 -1.0127 0.03203
-11 -0.9855 0.02806
-10 -0.9741 0.02525
-9 -0.933 0.02305
-8 -0.8295 0.02089
-7 -0.7206 0.01906
-6 -0.618 0.0176
-5 -0.5158 0.0164
-4 -0.414 0.01549
-3 -0.3137 0.01489
-2 -0.2139 0.01453
-1 -0.1138 0.01436
0 -0.0131 0.01434
1 0.0879 0.01446
2 0.1885 0.01472
3 0.2886 0.01511
4 0.3877 0.01564
5 0.485 0.01639
6 0.5796 0.01739
7 0.6744 0.01857
8 0.7687 0.02007
9 0.8669 0.02204
10 0.9703 0.0246
11 0.9824 0.02688
12 1.0097 0.03055
13 1.0368 0.03589
14 1.0559 0.04313
15 1.0654 0.05245
16 1.0655 0.06394
17 1.0565 0.07753
18 1.0393 0.09311
19 1.0174 0.11013
20 0.9969 0.12768
21 0.95494 0.18367
22 0.92198 0.23687
23 0.89725 0.28746
24 0.88003 0.33562
25 0.86957 0.38151
26 0.86512 0.42532
27 0.86595 0.46723
28 0.87131 0.50739
29 0.88045 0.54601
30 0.89264 0.58324
31 0.90714 0.61926
32 0.9232 0.65426
33 0.94007 0.6884
34 0.95702 0.72186
35 0.9733 0.75482
36 0.98817 0.78746
37 1.0011 0.8199
38 1.012 0.85213
39 1.0211 0.88412
40 1.0284 0.91584
41 1.0339 0.94729
42 1.0377 0.97843
43 1.0398 1.0092
44 1.0403 1.0397
45 1.0393 1.0698
46 1.0367 1.0995
47 1.0327 1.1289
48 1.0273 1.1578
49 1.0206 1.1862
50 1.0125 1.2142
51 1.0032 1.2417
52 0.99262 1.2688
53 0.9809 1.2953
54 0.96805 1.3213
55 0.95413 1.3467
56 0.93917 1.3716
57 0.92321 1.3959
58 0.9063 1.4197
59 0.88849 1.4428
60 0.86981 1.4653
61 0.8503 1.4872
62 0.83 1.5085
63 0.80896 1.5291
64 0.78721 1.5491
65 0.76479 1.5684
66 0.74173 1.587
67 0.71808 1.6049
68 0.69386 1.6221
69 0.66912 1.6385
70 0.64389 1.6543
71 0.61821 1.6693
72 0.5921 1.6836
73 0.5656 1.6972
74 0.53874 1.71
75 0.51155 1.722
76 0.48407 1.7333
77 0.45633 1.7438
78 0.42834 1.7536
79 0.40015 1.7625
80 0.37178 1.7707
81 0.34325 1.778
82 0.3146 1.7846
83 0.28585 1.7904
84 0.25703 1.7954
85 0.22815 1.7995
86 0.19925 1.8029
87 0.17035 1.8055
88 0.14148 1.8072
89 0.11264 1.8082
90 0.08387 1.8083
