1.000000 0.001655 
0.991024 0.002952 
0.982049 0.004241 
0.973075 0.005521 
0.964104 0.006793 
0.955135 0.008056 
0.946170 0.009310 
0.937209 0.010554 
0.928254 0.011788 
0.919304 0.013013 
0.910361 0.014228 
0.901425 0.015432 
0.892496 0.016625 
0.883577 0.017808 
0.874667 0.018980 
0.865767 0.020140 
0.856878 0.021289 
0.848000 0.022426 
0.839134 0.023551 
0.830282 0.024664 
0.821443 0.025765 
0.812619 0.026853 
0.803809 0.027928 
0.795016 0.028990 
0.786239 0.030039 
0.777479 0.031075 
0.768737 0.032096 
0.760014 0.033104 
0.751310 0.034098 
0.742626 0.035078 
0.733963 0.036044 
0.725321 0.036994 
0.716702 0.037930 
0.708105 0.038852 
0.699532 0.039758 
0.690983 0.040648 
0.682459 0.041524 
0.673960 0.042383 
0.665488 0.043227 
0.657043 0.044055 
0.648625 0.044867 
0.640236 0.045663 
0.631875 0.046443 
0.623545 0.047206 
0.615244 0.047952 
0.606975 0.048682 
0.598737 0.049395 
0.590532 0.050091 
0.582359 0.050769 
0.574221 0.051431 
0.566116 0.052075 
0.558047 0.052702 
0.550013 0.053311 
0.542015 0.053903 
0.534055 0.054477 
0.526131 0.055034 
0.518246 0.055572 
0.510400 0.056093 
0.502593 0.056595 
0.494827 0.057080 
0.487101 0.057546 
0.479416 0.057994 
0.471773 0.058424 
0.464173 0.058835 
0.456616 0.059229 
0.449103 0.059603 
0.441634 0.059960 
0.434210 0.060298 
0.426832 0.060617 
0.419500 0.060919 
0.412215 0.061201 
0.404977 0.061465 
0.397787 0.061710 
0.390645 0.061937 
0.383553 0.062146 
0.376510 0.062336 
0.369518 0.062507 
0.362576 0.062660 
0.355686 0.062794 
0.348847 0.062910 
0.342061 0.063007 
0.335328 0.063086 
0.328649 0.063146 
0.322024 0.063188 
0.315453 0.063212 
0.308937 0.063218 
0.302477 0.063205 
0.296074 0.063174 
0.289727 0.063125 
0.283437 0.063057 
0.277205 0.062972 
0.271031 0.062869 
0.264916 0.062748 
0.258861 0.062609 
0.252864 0.062452 
0.246929 0.062278 
0.241053 0.062086 
0.235239 0.061876 
0.229487 0.061649 
0.223796 0.061405 
0.218169 0.061144 
0.212604 0.060865 
0.207102 0.060569 
0.201665 0.060256 
0.196291 0.059927 
0.190983 0.059580 
0.185740 0.059217 
0.180562 0.058838 
0.175450 0.058441 
0.170405 0.058029 
0.165427 0.057600 
0.160516 0.057156 
0.155672 0.056695 
0.150897 0.056218 
0.146189 0.055726 
0.141551 0.055217 
0.136982 0.054694 
0.132482 0.054155 
0.128053 0.053600 
0.123693 0.053030 
0.119404 0.052446 
0.115187 0.051846 
0.111040 0.051232 
0.106965 0.050603 
0.102962 0.049959 
0.099031 0.049301 
0.095173 0.048628 
0.091388 0.047942 
0.087676 0.047241 
0.084037 0.046526 
0.080472 0.045798 
0.076982 0.045055 
0.073565 0.044300 
0.070224 0.043530 
0.066957 0.042748 
0.063765 0.041952 
0.060649 0.041143 
0.057608 0.040321 
0.054644 0.039486 
0.051755 0.038639 
0.048943 0.037778 
0.046208 0.036906 
0.043550 0.036021 
0.040968 0.035123 
0.038464 0.034214 
0.036037 0.033292 
0.033688 0.032358 
0.031417 0.031413 
0.029224 0.030455 
0.027109 0.029486 
0.025072 0.028506 
0.023114 0.027513 
0.021235 0.026510 
0.019434 0.025495 
0.017713 0.024469 
0.016070 0.023432 
0.014507 0.022384 
0.013024 0.021325 
0.011620 0.020255 
0.010295 0.019174 
0.009050 0.018082 
0.007885 0.016980 
0.006800 0.015867 
0.005795 0.014744 
0.004870 0.013610 
0.004026 0.012465 
0.003261 0.011311 
0.002577 0.010146 
0.001973 0.008971 
0.001450 0.007785 
0.001007 0.006590 
0.000644 0.005384 
0.000363 0.004168 
0.000161 0.002943 
0.000040 0.001707 
0.000000 0.000461 
0.000040 -0.000488 
0.000161 -0.001435 
0.000363 -0.002381 
0.000644 -0.003326 
0.001007 -0.004270 
0.001450 -0.005212 
0.001973 -0.006152 
0.002577 -0.007091 
0.003261 -0.008028 
0.004026 -0.008963 
0.004870 -0.009896 
0.005795 -0.010827 
0.006800 -0.011755 
0.007885 -0.012681 
0.009050 -0.013605 
0.010295 -0.014526 
0.011620 -0.015443 
0.013024 -0.016358 
0.014507 -0.017269 
0.016070 -0.018177 
0.017713 -0.019081 
0.019434 -0.019980 
0.021235 -0.020876 
0.023114 -0.021767 
0.025072 -0.022653 
0.027109 -0.023534 
0.029224 -0.024409 
0.031417 -0.025279 
0.033688 -0.026144 
0.036037 -0.027002 
0.038464 -0.027853 
0.040968 -0.028698 
0.043550 -0.029536 
0.046208 -0.030366 
0.048943 -0.031189 
0.051755 -0.032004 
0.054644 -0.032810 
0.057608 -0.033608 
0.060649 -0.034397 
0.063765 -0.035176 
0.066957 -0.035946 
0.070224 -0.036706 
0.073565 -0.037456 
0.076982 -0.038195 
0.080472 -0.038924 
0.084037 -0.039641 
0.087676 -0.040347 
0.091388 -0.041040 
0.095173 -0.041722 
0.099031 -0.042391 
0.102962 -0.043048 
0.106965 -0.043691 
0.111040 -0.044321 
0.115187 -0.044938 
0.119404 -0.045540 
0.123693 -0.046128 
0.128053 -0.046702 
0.132482 -0.047260 
0.136982 -0.047804 
0.141551 -0.048332 
0.146189 -0.048845 
0.150897 -0.049342 
0.155672 -0.049823 
0.160516 -0.050287 
0.165427 -0.050735 
0.170405 -0.051167 
0.175450 -0.051581 
0.180562 -0.051978 
0.185740 -0.052357 
0.190983 -0.052720 
0.196291 -0.053064 
0.201665 -0.053391 
0.207102 -0.053699 
0.212604 -0.053990 
0.218169 -0.054262 
0.223796 -0.054516 
0.229487 -0.054751 
0.235239 -0.054968 
0.241053 -0.055166 
0.246929 -0.055345 
0.252864 -0.055505 
0.258861 -0.055647 
0.264916 -0.055769 
0.271031 -0.055873 
0.277205 -0.055957 
0.283437 -0.056023 
0.289727 -0.056070 
0.296074 -0.056097 
0.302477 -0.056106 
0.308937 -0.056096 
0.315453 -0.056067 
0.322024 -0.056019 
0.328649 -0.055952 
0.335328 -0.055867 
0.342061 -0.055763 
0.348847 -0.055641 
0.355686 -0.055500 
0.362576 -0.055341 
0.369518 -0.055164 
0.376510 -0.054969 
0.383553 -0.054756 
0.390645 -0.054525 
0.397787 -0.054277 
0.404977 -0.054011 
0.412215 -0.053728 
0.419500 -0.053428 
0.426832 -0.053111 
0.434210 -0.052777 
0.441634 -0.052427 
0.449103 -0.052060 
0.456616 -0.051678 
0.464173 -0.051279 
0.471773 -0.050865 
0.479416 -0.050436 
0.487101 -0.049991 
0.494827 -0.049531 
0.502593 -0.049057 
0.510400 -0.048568 
0.518246 -0.048065 
0.526131 -0.047547 
0.534055 -0.047016 
0.542015 -0.046471 
0.550013 -0.045913 
0.558047 -0.045342 
0.566116 -0.044757 
0.574221 -0.044160 
0.582359 -0.043551 
0.590532 -0.042929 
0.598737 -0.042296 
0.606975 -0.041650 
0.615244 -0.040993 
0.623545 -0.040325 
0.631875 -0.039645 
0.640236 -0.038955 
0.648625 -0.038254 
0.657043 -0.037542 
0.665488 -0.036820 
0.673960 -0.036087 
0.682459 -0.035345 
0.690983 -0.034592 
0.699532 -0.033830 
0.708105 -0.033058 
0.716702 -0.032277 
0.725321 -0.031487 
0.733963 -0.030687 
0.742626 -0.029878 
0.751310 -0.029060 
0.760014 -0.028233 
0.768737 -0.027397 
0.777479 -0.026553 
0.786239 -0.025700 
0.795016 -0.024838 
0.803809 -0.023967 
0.812619 -0.023088 
0.821443 -0.022200 
0.830282 -0.021303 
0.839134 -0.020398 
0.848000 -0.019484 
0.856878 -0.018561 
0.865767 -0.017629 
0.874667 -0.016689 
0.883577 -0.015739 
0.892496 -0.014781 
0.901425 -0.013813 
0.910361 -0.012836 
0.919304 -0.011849 
0.928254 -0.010854 
0.937209 -0.009848 
0.946170 -0.008832 
0.955135 -0.007807 
0.964104 -0.006771 
0.973075 -0.005724 
0.982049 -0.004667 
0.991024 -0.003600 
1.000000 -0.002520 
