1.000000 0.001516 
0.991024 0.003741 
0.982049 0.005932 
0.973075 0.008091 
0.964104 0.010218 
0.955135 0.012314 
0.946170 0.014380 
0.937209 0.016416 
0.928254 0.018422 
0.919304 0.020400 
0.910361 0.022350 
0.901425 0.024273 
0.892496 0.026168 
0.883577 0.028038 
0.874667 0.029882 
0.865767 0.031700 
0.856878 0.033494 
0.848000 0.035263 
0.839134 0.037008 
0.830282 0.038729 
0.821443 0.040427 
0.812619 0.042102 
0.803809 0.043755 
0.795016 0.045385 
0.786239 0.046993 
0.777479 0.048580 
0.768737 0.050144 
0.760014 0.051687 
0.751310 0.053209 
0.742626 0.054710 
0.733963 0.056190 
0.725321 0.057648 
0.716702 0.059086 
0.708105 0.060503 
0.699532 0.061900 
0.690983 0.063275 
0.682459 0.064630 
0.673960 0.065964 
0.665488 0.067277 
0.657043 0.068569 
0.648625 0.069840 
0.640236 0.071090 
0.631875 0.072318 
0.623545 0.073525 
0.615244 0.074711 
0.606975 0.075875 
0.598737 0.077017 
0.590532 0.078137 
0.582359 0.079234 
0.574221 0.080309 
0.566116 0.081361 
0.558047 0.082391 
0.550013 0.083396 
0.542015 0.084379 
0.534055 0.085337 
0.526131 0.086271 
0.518246 0.087181 
0.510400 0.088066 
0.502593 0.088926 
0.494827 0.089761 
0.487101 0.090570 
0.479416 0.091354 
0.471773 0.092111 
0.464173 0.092841 
0.456616 0.093545 
0.449103 0.094222 
0.441634 0.094871 
0.434210 0.095492 
0.426832 0.096085 
0.419500 0.096650 
0.412215 0.097187 
0.404977 0.097694 
0.397787 0.098172 
0.390645 0.098621 
0.383553 0.099039 
0.376510 0.099428 
0.369518 0.099787 
0.362576 0.100115 
0.355686 0.100412 
0.348847 0.100679 
0.342061 0.100914 
0.335328 0.101118 
0.328649 0.101290 
0.322024 0.101431 
0.315453 0.101539 
0.308937 0.101616 
0.302477 0.101661 
0.296074 0.101673 
0.289727 0.101653 
0.283437 0.101601 
0.277205 0.101516 
0.271031 0.101399 
0.264916 0.101249 
0.258861 0.101066 
0.252864 0.100851 
0.246929 0.100603 
0.241053 0.100323 
0.235239 0.100010 
0.229487 0.099665 
0.223796 0.099287 
0.218169 0.098877 
0.212604 0.098435 
0.207102 0.097961 
0.201665 0.097455 
0.196291 0.096917 
0.190983 0.096348 
0.185740 0.095747 
0.180562 0.095115 
0.175450 0.094453 
0.170405 0.093759 
0.165427 0.093036 
0.160516 0.092282 
0.155672 0.091498 
0.150897 0.090685 
0.146189 0.089842 
0.141551 0.088971 
0.136982 0.088071 
0.132482 0.087143 
0.128053 0.086187 
0.123693 0.085204 
0.119404 0.084193 
0.115187 0.083156 
0.111040 0.082093 
0.106965 0.081003 
0.102962 0.079889 
0.099031 0.078749 
0.095173 0.077585 
0.091388 0.076397 
0.087676 0.075185 
0.084037 0.073950 
0.080472 0.072692 
0.076982 0.071412 
0.073565 0.070111 
0.070224 0.068788 
0.066957 0.067444 
0.063765 0.066080 
0.060649 0.064696 
0.057608 0.063293 
0.054644 0.061871 
0.051755 0.060430 
0.048943 0.058972 
0.046208 0.057496 
0.043550 0.056003 
0.040968 0.054494 
0.038464 0.052969 
0.036037 0.051428 
0.033688 0.049872 
0.031417 0.048301 
0.029224 0.046717 
0.027109 0.045118 
0.025072 0.043506 
0.023114 0.041881 
0.021235 0.040244 
0.019434 0.038594 
0.017713 0.036933 
0.016070 0.035260 
0.014507 0.033576 
0.013024 0.031882 
0.011620 0.030177 
0.010295 0.028462 
0.009050 0.026737 
0.007885 0.025003 
0.006800 0.023260 
0.005795 0.021508 
0.004870 0.019747 
0.004026 0.017978 
0.003261 0.016201 
0.002577 0.014415 
0.001973 0.012622 
0.001450 0.010821 
0.001007 0.009013 
0.000644 0.007197 
0.000363 0.005375 
0.000161 0.003545 
0.000040 0.001708 
0.000000 -0.000137 
0.000040 -0.002136 
0.000161 -0.004124 
0.000363 -0.006100 
0.000644 -0.008064 
0.001007 -0.010017 
0.001450 -0.011957 
0.001973 -0.013886 
0.002577 -0.015802 
0.003261 -0.017706 
0.004026 -0.019598 
0.004870 -0.021477 
0.005795 -0.023343 
0.006800 -0.025197 
0.007885 -0.027037 
0.009050 -0.028864 
0.010295 -0.030678 
0.011620 -0.032478 
0.013024 -0.034264 
0.014507 -0.036036 
0.016070 -0.037794 
0.017713 -0.039537 
0.019434 -0.041265 
0.021235 -0.042978 
0.023114 -0.044675 
0.025072 -0.046357 
0.027109 -0.048023 
0.029224 -0.049673 
0.031417 -0.051307 
0.033688 -0.052923 
0.036037 -0.054522 
0.038464 -0.056104 
0.040968 -0.057668 
0.043550 -0.059214 
0.046208 -0.060741 
0.048943 -0.062250 
0.051755 -0.063739 
0.054644 -0.065209 
0.057608 -0.066659 
0.060649 -0.068089 
0.063765 -0.069498 
0.066957 -0.070887 
0.070224 -0.072254 
0.073565 -0.073599 
0.076982 -0.074923 
0.080472 -0.076224 
0.084037 -0.077503 
0.087676 -0.078758 
0.091388 -0.079990 
0.095173 -0.081199 
0.099031 -0.082383 
0.102962 -0.083542 
0.106965 -0.084677 
0.111040 -0.085787 
0.115187 -0.086871 
0.119404 -0.087930 
0.123693 -0.088962 
0.128053 -0.089967 
0.132482 -0.090946 
0.136982 -0.091898 
0.141551 -0.092822 
0.146189 -0.093718 
0.150897 -0.094586 
0.155672 -0.095426 
0.160516 -0.096237 
0.165427 -0.097019 
0.170405 -0.097772 
0.175450 -0.098496 
0.180562 -0.099189 
0.185740 -0.099853 
0.190983 -0.100486 
0.196291 -0.101089 
0.201665 -0.101661 
0.207102 -0.102202 
0.212604 -0.102712 
0.218169 -0.103191 
0.223796 -0.103638 
0.229487 -0.104053 
0.235239 -0.104437 
0.241053 -0.104789 
0.246929 -0.105108 
0.252864 -0.105395 
0.258861 -0.105650 
0.264916 -0.105872 
0.271031 -0.106062 
0.277205 -0.106218 
0.283437 -0.106343 
0.289727 -0.106434 
0.296074 -0.106492 
0.302477 -0.106518 
0.308937 -0.106510 
0.315453 -0.106470 
0.322024 -0.106396 
0.328649 -0.106290 
0.335328 -0.106150 
0.342061 -0.105978 
0.348847 -0.105773 
0.355686 -0.105535 
0.362576 -0.105264 
0.369518 -0.104960 
0.376510 -0.104624 
0.383553 -0.104255 
0.390645 -0.103854 
0.397787 -0.103421 
0.404977 -0.102955 
0.412215 -0.102458 
0.419500 -0.101928 
0.426832 -0.101367 
0.434210 -0.100774 
0.441634 -0.100150 
0.449103 -0.099495 
0.456616 -0.098808 
0.464173 -0.098091 
0.471773 -0.097343 
0.479416 -0.096565 
0.487101 -0.095757 
0.494827 -0.094919 
0.502593 -0.094051 
0.510400 -0.093154 
0.518246 -0.092227 
0.526131 -0.091272 
0.534055 -0.090288 
0.542015 -0.089275 
0.550013 -0.088235 
0.558047 -0.087167 
0.566116 -0.086071 
0.574221 -0.084948 
0.582359 -0.083798 
0.590532 -0.082621 
0.598737 -0.081418 
0.606975 -0.080189 
0.615244 -0.078934 
0.623545 -0.077654 
0.631875 -0.076349 
0.640236 -0.075019 
0.648625 -0.073664 
0.657043 -0.072286 
0.665488 -0.070883 
0.673960 -0.069457 
0.682459 -0.068008 
0.690983 -0.066536 
0.699532 -0.065041 
0.708105 -0.063523 
0.716702 -0.061984 
0.725321 -0.060424 
0.733963 -0.058841 
0.742626 -0.057238 
0.751310 -0.055614 
0.760014 -0.053969 
0.768737 -0.052305 
0.777479 -0.050620 
0.786239 -0.048916 
0.795016 -0.047192 
0.803809 -0.045450 
0.812619 -0.043688 
0.821443 -0.041908 
0.830282 -0.040110 
0.839134 -0.038294 
0.848000 -0.036460 
0.856878 -0.034609 
0.865767 -0.032740 
0.874667 -0.030854 
0.883577 -0.028952 
0.892496 -0.027033 
0.901425 -0.025097 
0.910361 -0.023145 
0.919304 -0.021178 
0.928254 -0.019194 
0.937209 -0.017195 
0.946170 -0.015181 
0.955135 -0.013152 
0.964104 -0.011107 
0.973075 -0.009047 
0.982049 -0.006973 
0.991024 -0.004884 
1.000000 -0.002781 
